K ./Resources/XMeshSkinned/OBJ/House2/house2.X
P -11.491725 40.218128
S 1.000000 1.000000 1.000000
1 1.000000 0.000000 0.000000
2 0.000000 1.000000 0.000000
3 0.000000 0.000000 1.000000
B 
K ./Resources/XMeshSkinned/OBJ/House2/house2.X
P 9.827198 37.937508
S 1.000000 1.000000 1.000000
1 -0.987480 0.000000 -0.157746
2 0.000000 1.000000 0.000000
3 0.157746 0.000000 -0.987480
B 
K ./Resources/XMeshSkinned/OBJ/House3/house3.X
P 28.702755 38.453197
S 1.000000 1.000000 1.000000
1 -0.028698 0.009977 0.999538
2 0.000496 0.999950 -0.009967
3 -0.999588 0.000210 -0.028702
B 
K ./Resources/XMeshSkinned/OBJ/House/house.X
P 55.463547 38.431026
S 1.000000 1.000000 1.000000
1 -0.029199 0.000000 0.999574
2 0.000000 1.000000 0.000000
3 -0.999574 0.000000 -0.029199
B 
